timestamp,served
0,108
10,126
20,162
30,120
40,172
50,147
60,161
70,158
80,150
90,141
100,175
110,162
120,150
130,159
140,147
150,172
160,157
170,160
180,141
190,154
200,154
210,170
220,164
230,157
240,165
250,161
260,159
270,202
280,156
290,159
300,149
310,156
320,161
330,217
340,202
350,162
360,223
370,282
380,296
390,335
400,333
410,318
420,376
430,330
440,277
450,403
460,422
470,425
480,506
490,506
500,478
510,492
520,473
530,487
540,493
550,515
560,478
570,483
580,499
590,494
600,464
610,464
620,451
630,474
640,436
650,462
660,538
670,369
680,413
690,625
700,597
710,613
720,367
730,312
740,226
750,223
760,239
770,209
780,222
790,204
800,231
810,222
820,221
830,220
840,208
850,236
860,212
870,50
