timestamp,served
0,35
10,55
20,54
30,40
40,59
50,57
60,59
70,49
80,54
90,48
100,60
110,59
120,54
130,52
140,48
150,60
160,57
170,58
180,45
190,52
200,55
210,60
220,60
230,54
240,53
250,54
260,55
270,71
280,55
290,52
300,56
310,54
320,57
330,73
340,70
350,58
360,78
370,101
380,107
390,126
400,126
410,120
420,148
430,119
440,113
450,156
460,187
470,178
480,267
490,263
500,250
510,247
520,262
530,251
540,261
550,276
560,241
570,262
580,273
590,279
600,230
610,231
620,209
630,249
640,223
650,231
660,330
670,141
680,194
690,399
700,374
710,391
720,192
730,61
