timestamp,served
0,73
10,71
20,108
30,80
40,113
50,90
60,102
70,109
80,96
90,93
100,115
110,103
120,96
130,107
140,99
150,112
160,100
170,102
180,96
190,102
200,99
210,110
220,104
230,103
240,112
250,107
260,104
270,131
280,101
290,107
300,93
310,102
320,104
330,144
340,132
350,104
360,145
370,181
380,189
390,209
400,207
410,198
420,228
430,211
440,164
450,247
460,235
470,247
480,239
490,243
500,228
510,245
520,211
530,236
540,232
550,239
560,237
570,221
580,226
590,215
600,234
610,233
620,242
630,225
640,213
650,231
660,208
670,228
680,219
690,226
700,223
710,222
720,175
730,251
740,226
750,223
760,239
770,209
780,222
790,204
800,231
810,222
820,221
830,220
840,208
850,236
860,212
870,50
