timestamp,served
0,189
10,242
20,225
30,226
40,202
50,226
60,215
70,248
80,204
90,225
100,214
110,216
120,227
130,202
140,212
150,214
160,210
170,222
180,233
190,232
200,210
210,208
220,244
230,196
240,209
250,228
260,221
270,208
280,208
290,208
300,213
310,218
320,219
330,201
340,216
350,221
360,212
370,200
380,220
390,206
400,202
410,219
420,201
430,210
440,210
450,221
460,215
470,208
480,216
490,201
500,211
510,211
520,222
530,214
540,215
550,234
560,220
570,218
580,205
590,220
600,216
610,207
620,210
630,222
640,215
650,202
660,196
670,204
680,205
690,117
700,37
